Day,CumulativeMiles,DailyMiles
1,55,55.0
2,120,65.0
3,190,70.0
4,260,70.0
5,335,75.0
6,420,85.0
7,515,95.0
8,600,85.0
9,690,90.0
10,780,90.0
